2
15
30
10
2
10
30
17
2
17
10
30
3
10
17
30
7
3
10
20
30
17
3
10
20
30
37
3
10
20
30
27
4
10
20
30
7
17
4
10
20
30
7
27
4
10
20
30
7
37
4
10
20
30
17
7
4
10
20
30
17
27
4
10
20
30
17
37
4
10
20
30
27
37
4
10
20
30
27
7
4
10
20
30
27
17
4
10
20
30
37
27
4
10
20
30
37
7
4
10
20
30
37
17
5
10
20
30
7
17
7
5
10
20
30
7
17
3
5
10
20
30
7
17
13
5
10
20
30
7
17
18
5
10
20
30
27
37
33
5
10
20
30
27
37
37
5
10
20
30
25
37
27
5
10
20
30
27
37
23
6
10
20
30
5
17
7
1
6
10
20
30
5
17
7
8
6
10
20
30
5
17
7
12
6
10
20
30
5
15
7
16
6
10
20
30
5
17
7
27
6
10
20
30
5
17
7
37
6
10
20
30
5
17
7
6
6
10
20
30
7
17
13
14
6
10
20
30
27
37
33
34
7
10
20
30
15
7
18
17
19
7
10
20
30
15
7
19
16
17
8
10
20
30
17
7
19
37
40
42
8
10
20
30
17
7
19
37
40
38
8
10
20
30
15
5
19
1
4
3
8
10
20
30
15
6
19
2
3
1
7
10
20
30
15
7
18
17
13
7
10
20
30
15
7
18
17
16
